NBR_PRODUCT:30;
NBR_CUSTOMER:4;
  TRANSPORTER_CAPACITY:16;
  TRANSPORTER_DELIVERY_COST_ETA:1.25;
  CUSTOMER:1;
    CUSTOMER_HOLDING_COSTS:5.0;
    TRANSPORTER_DELIVERY_TIME_SUPPLIER_CUSTOMER:100.0;
   CUSTOMER:2;
    CUSTOMER_HOLDING_COSTS:5.0;
    TRANSPORTER_DELIVERY_TIME_SUPPLIER_CUSTOMER:100.0;
   CUSTOMER:3;
    CUSTOMER_HOLDING_COSTS:5.0;
    TRANSPORTER_DELIVERY_TIME_SUPPLIER_CUSTOMER:100.0;
   CUSTOMER:4;
    CUSTOMER_HOLDING_COSTS:5.0;
    TRANSPORTER_DELIVERY_TIME_SUPPLIER_CUSTOMER:100.0;
JOB_CUSTOMER:1;4;4;1;1;1;1;4;4;3;4;2;3;2;2;1;1;1;1;4;2;1;1;4;3;4;2;2;2;2;
JOB_DUE_DATES:10000.0;10037.167224879688;10045.086055587166;10075.647611901346;10076.810287137692;10094.50167753977;10114.38255609462;10151.872712681035;10171.546820755224;10185.099167290049;10190.970410590298;10226.739682198564;10255.314719410719;10268.35310443101;10277.1996462054;10296.330206381897;10328.456044997405;10356.766049639065;10358.749948268203;10392.917002719667;10397.156322031446;10409.597543183836;10418.742464361365;10432.30022477046;10432.38490668661;10459.354694190559;10479.650291381648;10506.92625982948;10530.479378935903;10559.146300756147;
TIME_CUSTOMER_CUSTOMER 1;2;152;
TIME_CUSTOMER_CUSTOMER 1;3;114;
TIME_CUSTOMER_CUSTOMER 1;4;315;
TIME_CUSTOMER_CUSTOMER 2;3;173;
TIME_CUSTOMER_CUSTOMER 2;4;265;
TIME_CUSTOMER_CUSTOMER 3;4;131;

