NBR_PRODUCT:70;
NBR_CUSTOMER:3;
  TRANSPORTER_CAPACITY:25;
  TRANSPORTER_DELIVERY_COST_ETA:1.25;
  CUSTOMER:1;
    CUSTOMER_HOLDING_COSTS:5.0;
    TRANSPORTER_DELIVERY_TIME_SUPPLIER_CUSTOMER:100.0;
   CUSTOMER:2;
    CUSTOMER_HOLDING_COSTS:5.0;
    TRANSPORTER_DELIVERY_TIME_SUPPLIER_CUSTOMER:100.0;
   CUSTOMER:3;
    CUSTOMER_HOLDING_COSTS:5.0;
    TRANSPORTER_DELIVERY_TIME_SUPPLIER_CUSTOMER:100.0;
JOB_CUSTOMER:1;3;1;1;1;1;1;2;3;1;2;1;3;2;2;1;3;2;3;2;2;3;2;1;3;2;1;3;1;3;2;3;1;1;3;2;3;2;1;2;1;1;3;2;2;1;2;3;1;2;3;1;2;3;2;1;1;1;1;1;3;2;1;2;1;3;2;3;2;1;
JOB_DUE_DATES:10000.0;10025.88450915348;10044.166169355924;10079.249605783787;10109.438058211374;10135.328366895672;10156.809974230391;10192.57816621629;10194.528883782077;10202.650405458551;10225.549877260364;10233.094183680376;10269.313193674452;10281.599342990792;10295.499676184916;10311.709759287927;10318.87439294332;10344.22737068166;10357.585893001977;10372.404034714906;10391.987304791004;10417.433228483042;10420.275771318811;10457.12909040282;10469.061411397273;10494.360945508768;10513.093606571283;10551.112569588076;10558.572579569143;10589.578687800076;10623.741226578306;10634.2344912239;10659.934836619701;10690.331004883028;10696.67542246548;10726.320507850689;10733.60208013406;10771.101165350112;10804.541032484478;10832.344312606709;10850.359502813679;10851.543537328866;10864.585843514691;10875.231838972964;10905.020383755103;10917.64353583533;10936.057452362462;10954.086057247987;10957.10493615405;10982.815147617059;11003.316514613845;11028.53611661673;11048.203750182884;11083.88619652808;11108.619978575707;11131.080943156294;11167.2568453246;11190.98357138268;11223.483158344936;11236.105391990352;11263.47491062761;11279.887415527475;11312.178939702746;11345.144268488351;11358.19276876083;11395.07932460178;11397.669907504087;11413.819504070483;11442.949901371729;11479.70893406558;
TIME_CUSTOMER_CUSTOMER 1;2;129;
TIME_CUSTOMER_CUSTOMER 1;3;184;
TIME_CUSTOMER_CUSTOMER 2;3;131;
