NBR_PRODUCT:70;
NBR_CUSTOMER:2;
  TRANSPORTER_CAPACITY:44;
  TRANSPORTER_DELIVERY_COST_ETA:1.25;
  CUSTOMER:1;
    CUSTOMER_HOLDING_COSTS:5.0;
    TRANSPORTER_DELIVERY_TIME_SUPPLIER_CUSTOMER:100.0;
   CUSTOMER:2;
    CUSTOMER_HOLDING_COSTS:5.0;
    TRANSPORTER_DELIVERY_TIME_SUPPLIER_CUSTOMER:100.0;
JOB_CUSTOMER:2;2;2;1;;1;;1;;2;2;1;;1;;2;1;;1;;2;1;;1;;2;2;2;2;1;;2;2;1;;2;1;;1;;1;;2;2;1;;1;;2;2;1;;1;;1;;2;1;;1;;1;;2;1;;1;;2;2;2;2;1;;2;2;1;;2;2;1;;1;;2;2;1;;1;;2;1;;1;;2;2;2;2;1;;2;2;
JOB_DUE_DATES:10000.0;10006.848254632967;10018.273924812216;10025.420371979397;10028.008403442414;10039.30487170325;10042.965800195447;10045.35641899014;10053.833424778637;10057.066043459337;10064.29803734158;10071.646619260675;10074.259633206595;10083.167936909964;10092.820452700997;10093.982681695052;10096.669557246048;10106.453758815715;10112.117186109077;10114.551581723335;10116.342466034692;10122.491965649271;10129.103238669455;10133.824535950895;10144.405480399699;10145.824292359675;10146.824587663912;10152.012337979473;10159.102840972573;10169.394090390131;10182.972054962773;10193.985392055065;10205.608770984014;10211.5369136026;10219.212444657533;10223.802348548477;10235.995649203374;10244.34912810392;10252.14502546232;10261.911320419737;10263.884359918233;10276.579210931584;10287.416310721124;10288.891014689045;10295.811000208769;10307.356846614533;10316.539398399927;10328.259158581623;10328.76216063698;10334.342187748436;10347.559663857577;10361.355941008162;10370.714477521467;10382.18611568834;10385.898302984102;10390.035492902152;10396.62691618652;10409.087670741746;10410.765727393878;10414.734760846723;10425.732682125907;10439.267038623446;10449.939875256126;10452.327364287998;10455.73317066055;10467.470294485905;10475.466317177707;10479.587973847563;10486.415114656875;10496.883423250933;
TIME_CUSTOMER_CUSTOMER: 1; 2;10;

