NBR_PRODUCT:30;
NBR_CUSTOMER:2;
  TRANSPORTER_CAPACITY:14;
  TRANSPORTER_DELIVERY_COST_ETA:1.25;
  CUSTOMER:1;
    CUSTOMER_HOLDING_COSTS:5.0;
    TRANSPORTER_DELIVERY_TIME_SUPPLIER_CUSTOMER:100.0;
   CUSTOMER:2;
    CUSTOMER_HOLDING_COSTS:5.0;
    TRANSPORTER_DELIVERY_TIME_SUPPLIER_CUSTOMER:100.0;
JOB_CUSTOMER:1;2;1;2;1;2;1;1;2;2;2;2;2;2;2;2;1;1;1;2;1;1;1;2;1;1;2;1;1;2;
JOB_DUE_DATES:10000.0;10008.555965854794;10021.459249333719;10033.94226412435;10040.59089854141;10051.572957472961;10054.27075074422;10059.788358446878;10073.690377441022;10075.886571610445;10078.546127588534;10088.784161000623;10097.247530110051;10104.715633706057;10111.530827627637;10116.61173327879;10130.138898195353;10141.200082549878;10153.175231511257;10155.841113384067;10167.377379210911;10169.632209956982;10171.683530660894;10184.077503609285;10194.693563360626;10199.549105750779;10205.93405850886;10215.423800110342;10222.123678210683;10232.890874240198;
TIME_CUSTOMER_CUSTOMER: 1;2;10;
