NBR_PRODUCT:70;
NBR_CUSTOMER:4;
  TRANSPORTER_CAPACITY:39;
  TRANSPORTER_DELIVERY_COST_ETA:1.25;
  CUSTOMER:1;
    CUSTOMER_HOLDING_COSTS:5.0;
    TRANSPORTER_DELIVERY_TIME_SUPPLIER_CUSTOMER:100.0;
   CUSTOMER:2;
    CUSTOMER_HOLDING_COSTS:5.0;
    TRANSPORTER_DELIVERY_TIME_SUPPLIER_CUSTOMER:100.0;
   CUSTOMER:3;
    CUSTOMER_HOLDING_COSTS:5.0;
    TRANSPORTER_DELIVERY_TIME_SUPPLIER_CUSTOMER:100.0;
   CUSTOMER:4;
    CUSTOMER_HOLDING_COSTS:5.0;
    TRANSPORTER_DELIVERY_TIME_SUPPLIER_CUSTOMER:100.0;
JOB_CUSTOMER:4;3;4;1;1;1;4;2;1;2;1;1;3;4;4;4;1;2;1;4;4;3;3;4;3;2;3;1;2;3;3;3;4;4;2;2;2;4;4;1;3;3;2;3;1;4;4;2;1;1;1;3;1;3;4;4;1;4;3;4;3;4;3;1;4;1;2;4;3;3;
JOB_DUE_DATES:10000.0;10033.09666649964;10059.437701789591;10060.497335474422;10071.418450178202;10097.586180203578;10117.721716135871;10119.699086461664;10120.961398344152;10128.828973858968;10158.63509669376;10171.726094228721;10182.81575794265;10206.68792415814;10217.27217873862;10244.67283740211;10248.401841083916;10280.440891306163;10311.482783405143;10322.814195919917;10346.012765353295;10371.456480628092;10373.657806730003;10376.657213420958;10411.523312099871;10422.448116299598;10453.39632282057;10462.09472031042;10473.280508391004;10508.730919064008;10515.886943070753;10539.561699453965;10541.284387337084;10551.491056482268;10569.284692166937;10591.696586638529;10604.599155020616;10608.697259303744;10620.60918161855;10625.090121918553;10634.67120926768;10670.48113768528;10677.720411678183;10684.082821004107;10710.088053655389;10734.521177754948;10752.118107976554;10773.779947509876;10782.8419144253;10811.88541875639;10826.565519222266;10838.396479383444;10845.447899055782;10862.0488916589;10890.58754043824;10903.294039278047;10931.073769367464;10939.954840990244;10943.027775073671;10948.925344959322;10969.011090995853;10997.881921996976;11016.247818429185;11029.569734129167;11047.324102720444;11056.040462213965;11061.500122100755;11095.870878790858;11125.321438796915;11143.292639103982;
TIME_CUSTOMER_CUSTOMER 1;2;150;
TIME_CUSTOMER_CUSTOMER 1;3;134;
TIME_CUSTOMER_CUSTOMER 1;4;320;
TIME_CUSTOMER_CUSTOMER 2;3;193;
TIME_CUSTOMER_CUSTOMER 2;4;265;
TIME_CUSTOMER_CUSTOMER 3;4;141;
