NBR_PRODUCT:30;
NBR_CUSTOMER:3;
  TRANSPORTER_CAPACITY:17;
  TRANSPORTER_DELIVERY_COST_ETA:1.25;
  CUSTOMER:1;
    CUSTOMER_HOLDING_COSTS:5.0;
    TRANSPORTER_DELIVERY_TIME_SUPPLIER_CUSTOMER:100.0;
   CUSTOMER:2;
    CUSTOMER_HOLDING_COSTS:5.0;
    TRANSPORTER_DELIVERY_TIME_SUPPLIER_CUSTOMER:100.0;
   CUSTOMER:3;
    CUSTOMER_HOLDING_COSTS:5.0;
    TRANSPORTER_DELIVERY_TIME_SUPPLIER_CUSTOMER:100.0;
JOB_CUSTOMER:1;3;3;1;1;3;1;2;1;3;2;3;3;1;3;3;2;3;2;3;3;2;3;1;3;3;2;1;3;1;
JOB_DUE_DATES:10000.0;10006.043089339591;10010.214800653743;10026.133304767065;10036.028883363497;10038.034512425189;10051.170026214058;10055.849350074373;10067.110806120334;10070.382789531315;10074.971128986766;10083.66849337312;10086.853901206012;10102.401973569604;10118.582236456888;10136.67425669687;10145.63292050371;10149.044703027255;10155.829013188957;10162.061333650727;10173.380651178;10190.17199071602;10196.192321321982;10199.422017685914;10213.897729898963;10225.059614001442;10230.084690119094;10242.239221224458;10244.27803376914;10245.872077554912;
TIME_CUSTOMER_CUSTOMER: 1;2;10;
TIME_CUSTOMER_CUSTOMER: 1;3;150;
TIME_CUSTOMER_CUSTOMER: 2;3;140;

